58 1661366468574 1661366470459 InsuranceQuoteRequestEvent 
36 1661366470139 1661366470533 InsuranceQuoteRequestEvent 
89 1661366470354 1661366470548 InsuranceQuoteRequestEvent 
8 1661366470562 1661366470757 InsuranceQuoteRequestEvent 
100 1661366470866 1661366471066 InsuranceQuoteRequestEvent 
18 1661366471278 1661366471471 InsuranceQuoteRequestEvent 
94 1661366471445 1661366471640 InsuranceQuoteRequestEvent 
42 1661366471796 1661366471991 InsuranceQuoteRequestEvent 
78 1661366472097 1661366472290 InsuranceQuoteRequestEvent 
25 1661366472448 1661366472647 InsuranceQuoteRequestEvent 
93 1661366472858 1661366473056 InsuranceQuoteRequestEvent 
55 1661366473023 1661366473219 InsuranceQuoteRequestEvent 
59 1661366473190 1661366473390 InsuranceQuoteRequestEvent 
85 1661366473356 1661366473551 InsuranceQuoteRequestEvent 
51 1661366473521 1661366473719 InsuranceQuoteRequestEvent 
11 1661366473688 1661366473896 InsuranceQuoteRequestEvent 
33 1661366473854 1661366474049 InsuranceQuoteRequestEvent 
15 1661366474019 1661366474212 InsuranceQuoteRequestEvent 
62 1661366474185 1661366474382 InsuranceQuoteRequestEvent 
75 1661366474352 1661366474549 InsuranceQuoteRequestEvent 
14 1661366474859 1661366475054 InsuranceQuoteRequestEvent 
6 1661366475164 1661366475357 InsuranceQuoteRequestEvent 
12 1661366475373 1661366475565 InsuranceQuoteRequestEvent 
74 1661366475540 1661366475735 InsuranceQuoteRequestEvent 
45 1661366475706 1661366475898 InsuranceQuoteRequestEvent 
56 1661366476563 1661366476763 InsuranceQuoteRequestEvent 
9 1661366476907 1661366477106 InsuranceQuoteRequestEvent 
49 1661366478136 1661366478333 InsuranceQuoteRequestEvent 
34 1661366478506 1661366478705 InsuranceQuoteRequestEvent 
4 1661366478855 1661366479048 InsuranceQuoteRequestEvent 
28 1661366479090 1661366479280 InsuranceQuoteRequestEvent 
66 1661366479467 1661366479659 InsuranceQuoteRequestEvent 
54 1661366479633 1661366479823 InsuranceQuoteRequestEvent 
26 1661366480081 1661366480273 InsuranceQuoteRequestEvent 
91 1661366480491 1661366480688 InsuranceQuoteRequestEvent 
76 1661366480882 1661366481085 InsuranceQuoteRequestEvent 
21 1661366481209 1661366481400 InsuranceQuoteRequestEvent 
96 1661366481515 1661366481706 InsuranceQuoteRequestEvent 
19 1661366481682 1661366481872 InsuranceQuoteRequestEvent 
72 1661366481848 1661366482046 InsuranceQuoteRequestEvent 
22 1661366482130 1661366482323 InsuranceQuoteRequestEvent 
87 1661366482851 1661366483043 InsuranceQuoteRequestEvent 
69 1661366483464 1661366483655 InsuranceQuoteRequestEvent 
16 1661366484076 1661366484265 InsuranceQuoteRequestEvent 
5 1661366484693 1661366484889 InsuranceQuoteRequestEvent 
27 1661366484860 1661366485054 InsuranceQuoteRequestEvent 
17 1661366485623 1661366485818 InsuranceQuoteRequestEvent 
70 1661366485821 1661366486023 InsuranceQuoteRequestEvent 
41 1661366486123 1661366486316 InsuranceQuoteRequestEvent 
53 1661366486433 1661366486630 InsuranceQuoteRequestEvent 
97 1661366486602 1661366486791 InsuranceQuoteRequestEvent 
68 1661366487151 1661366487350 InsuranceQuoteRequestEvent 
82 1661366487489 1661366487681 InsuranceQuoteRequestEvent 
10 1661366488090 1661366488281 InsuranceQuoteRequestEvent 
64 1661366488791 1661366488985 InsuranceQuoteRequestEvent 
2 1661366489403 1661366489597 InsuranceQuoteRequestEvent 
98 1661366490622 1661366490812 InsuranceQuoteRequestEvent 
44 1661366491346 1661366491536 InsuranceQuoteRequestEvent 
7 1661366491653 1661366491841 InsuranceQuoteRequestEvent 
90 1661366491963 1661366492155 InsuranceQuoteRequestEvent 
24 1661366492885 1661366493078 InsuranceQuoteRequestEvent 
48 1661366493233 1661366493428 InsuranceQuoteRequestEvent 
60 1661366493499 1661366493693 InsuranceQuoteRequestEvent 
99 1661366494213 1661366494404 InsuranceQuoteRequestEvent 
13 1661366494475 1661366494673 InsuranceQuoteRequestEvent 
20 1661366494831 1661366495021 InsuranceQuoteRequestEvent 
37 1661366495544 1661366495733 InsuranceQuoteRequestEvent 
3 1661366496568 1661366496767 InsuranceQuoteRequestEvent 
30 1661366496758 1661366496955 InsuranceQuoteRequestEvent 
50 1661366499396 1661366499592 InsuranceQuoteRequestEvent 
35 1661366500231 1661366500426 InsuranceQuoteRequestEvent 
81 1661366500858 1661366501053 InsuranceQuoteRequestEvent 
38 1661366501597 1661366501790 InsuranceQuoteRequestEvent 
63 1661366501896 1661366502089 InsuranceQuoteRequestEvent 
88 1661366502817 1661366503012 InsuranceQuoteRequestEvent 
77 1661366503596 1661366503787 InsuranceQuoteRequestEvent 
39 1661366504918 1661366505113 InsuranceQuoteRequestEvent 
61 1661366505084 1661366505272 InsuranceQuoteRequestEvent 
46 1661366505576 1661366505764 InsuranceQuoteRequestEvent 
73 1661366505988 1661366506174 InsuranceQuoteRequestEvent 
47 1661366506602 1661366506796 InsuranceQuoteRequestEvent 
40 1661366507538 1661366507726 InsuranceQuoteRequestEvent 
43 1661366507934 1661366508124 InsuranceQuoteRequestEvent 
65 1661366509166 1661366509356 InsuranceQuoteRequestEvent 
84 1661366509880 1661366510071 InsuranceQuoteRequestEvent 
31 1661366510258 1661366510450 InsuranceQuoteRequestEvent 
67 1661366511108 1661366511298 InsuranceQuoteRequestEvent 
57 1661366512005 1661366512194 InsuranceQuoteRequestEvent 
32 1661366513878 1661366514069 InsuranceQuoteRequestEvent 
86 1661366514237 1661366514428 InsuranceQuoteRequestEvent 
29 1661366517047 1661366517239 InsuranceQuoteRequestEvent 
23 1661366518828 1661366519019 InsuranceQuoteRequestEvent 
1 1661366519814 1661366520004 InsuranceQuoteRequestEvent 
83 1661366521520 1661366521711 InsuranceQuoteRequestEvent 
92 1661366521758 1661366521950 InsuranceQuoteRequestEvent 
95 1661366523507 1661366523698 InsuranceQuoteRequestEvent 
71 1661366525138 1661366525329 InsuranceQuoteRequestEvent 
79 1661366528213 1661366528407 InsuranceQuoteRequestEvent 
52 1661366533347 1661366533539 InsuranceQuoteRequestEvent 
80 1661366541488 1661366541678 InsuranceQuoteRequestEvent 