58 1661121285297 1661121286849 InsuranceQuoteRequestEvent 
36 1661121286901 1661121286987 InsuranceQuoteRequestEvent 
89 1661121287074 1661121287164 InsuranceQuoteRequestEvent 
8 1661121287243 1661121287328 InsuranceQuoteRequestEvent 
100 1661121287408 1661121287492 InsuranceQuoteRequestEvent 
18 1661121287572 1661121287658 InsuranceQuoteRequestEvent 
94 1661121287737 1661121287827 InsuranceQuoteRequestEvent 
42 1661121287907 1661121287995 InsuranceQuoteRequestEvent 
78 1661121288072 1661121288156 InsuranceQuoteRequestEvent 
25 1661121288236 1661121288321 InsuranceQuoteRequestEvent 
8 1661121288401 1661121288487 InsuranceQuoteRequestEvent 
93 1661121288566 1661121288652 InsuranceQuoteRequestEvent 
55 1661121288731 1661121288817 InsuranceQuoteRequestEvent 
59 1661121288896 1661121288982 InsuranceQuoteRequestEvent 
85 1661121289062 1661121289147 InsuranceQuoteRequestEvent 
51 1661121289226 1661121289321 InsuranceQuoteRequestEvent 
11 1661121289391 1661121289476 InsuranceQuoteRequestEvent 
33 1661121289556 1661121289641 InsuranceQuoteRequestEvent 
15 1661121289720 1661121289804 InsuranceQuoteRequestEvent 
62 1661121289885 1661121289968 InsuranceQuoteRequestEvent 
75 1661121290049 1661121290132 InsuranceQuoteRequestEvent 
18 1661121290212 1661121290299 InsuranceQuoteRequestEvent 
14 1661121290535 1661121290620 InsuranceQuoteRequestEvent 
6 1661121290912 1661121290998 InsuranceQuoteRequestEvent 
12 1661121291172 1661121291258 InsuranceQuoteRequestEvent 
74 1661121291537 1661121291623 InsuranceQuoteRequestEvent 
45 1661121291785 1661121291872 InsuranceQuoteRequestEvent 
51 1661121292164 1661121292250 InsuranceQuoteRequestEvent 
18 1661121292518 1661121292601 InsuranceQuoteRequestEvent 
56 1661121292896 1661121292981 InsuranceQuoteRequestEvent 
9 1661121293113 1661121293202 InsuranceQuoteRequestEvent 
12 1661121293417 1661121293504 InsuranceQuoteRequestEvent 
33 1661121293627 1661121293708 InsuranceQuoteRequestEvent 
94 1661121293932 1661121294025 InsuranceQuoteRequestEvent 
25 1661121294209 1661121294295 InsuranceQuoteRequestEvent 
49 1661121294550 1661121294636 InsuranceQuoteRequestEvent 
34 1661121294854 1661121294939 InsuranceQuoteRequestEvent 
4 1661121295194 1661121295279 InsuranceQuoteRequestEvent 
28 1661121295468 1661121295552 InsuranceQuoteRequestEvent 
66 1661121295820 1661121295904 InsuranceQuoteRequestEvent 
54 1661121296087 1661121296168 InsuranceQuoteRequestEvent 
55 1661121296497 1661121296579 InsuranceQuoteRequestEvent 
26 1661121296864 1661121296949 InsuranceQuoteRequestEvent 
91 1661121297107 1661121297190 InsuranceQuoteRequestEvent 
76 1661121297491 1661121297576 InsuranceQuoteRequestEvent 
21 1661121297724 1661121297807 InsuranceQuoteRequestEvent 
96 1661121298118 1661121298201 InsuranceQuoteRequestEvent 
19 1661121298440 1661121298525 InsuranceQuoteRequestEvent 
72 1661121298640 1661121298722 InsuranceQuoteRequestEvent 
22 1661121298849 1661121298933 InsuranceQuoteRequestEvent 
33 1661121299155 1661121299240 InsuranceQuoteRequestEvent 
87 1661121299466 1661121299550 InsuranceQuoteRequestEvent 
62 1661121299769 1661121299852 InsuranceQuoteRequestEvent 
69 1661121300003 1661121300086 InsuranceQuoteRequestEvent 
6 1661121300260 1661121300344 InsuranceQuoteRequestEvent 
16 1661121300589 1661121300676 InsuranceQuoteRequestEvent 
16 1661121300899 1661121300982 InsuranceQuoteRequestEvent 
5 1661121301251 1661121301335 InsuranceQuoteRequestEvent 
27 1661121301513 1661121301598 InsuranceQuoteRequestEvent 
26 1661121301878 1661121301962 InsuranceQuoteRequestEvent 
17 1661121302132 1661121302217 InsuranceQuoteRequestEvent 
70 1661121302306 1661121302389 InsuranceQuoteRequestEvent 
41 1661121302537 1661121302621 InsuranceQuoteRequestEvent 
53 1661121302923 1661121303004 InsuranceQuoteRequestEvent 
97 1661121303148 1661121303232 InsuranceQuoteRequestEvent 
49 1661121303549 1661121303635 InsuranceQuoteRequestEvent 
68 1661121303865 1661121303948 InsuranceQuoteRequestEvent 
82 1661121304071 1661121304155 InsuranceQuoteRequestEvent 
54 1661121304280 1661121304366 InsuranceQuoteRequestEvent 
10 1661121304585 1661121304669 InsuranceQuoteRequestEvent 
56 1661121304889 1661121304973 InsuranceQuoteRequestEvent 
64 1661121305197 1661121305280 InsuranceQuoteRequestEvent 
74 1661121305504 1661121305588 InsuranceQuoteRequestEvent 
2 1661121305847 1661121305931 InsuranceQuoteRequestEvent 
5 1661121306121 1661121306206 InsuranceQuoteRequestEvent 
59 1661121306532 1661121306615 InsuranceQuoteRequestEvent 
69 1661121306891 1661121306974 InsuranceQuoteRequestEvent 
98 1661121307142 1661121307227 InsuranceQuoteRequestEvent 
82 1661121307518 1661121307603 InsuranceQuoteRequestEvent 
44 1661121307756 1661121307839 InsuranceQuoteRequestEvent 
7 1661121308145 1661121308229 InsuranceQuoteRequestEvent 
90 1661121308478 1661121308561 InsuranceQuoteRequestEvent 
42 1661121308874 1661121308960 InsuranceQuoteRequestEvent 
22 1661121309135 1661121309218 InsuranceQuoteRequestEvent 
24 1661121309603 1661121309688 InsuranceQuoteRequestEvent 
48 1661121309910 1661121309993 InsuranceQuoteRequestEvent 
60 1661121310214 1661121310298 InsuranceQuoteRequestEvent 
14 1661121310625 1661121310708 InsuranceQuoteRequestEvent 
99 1661121310965 1661121311048 InsuranceQuoteRequestEvent 
13 1661121311238 1661121311320 InsuranceQuoteRequestEvent 
20 1661121311591 1661121311674 InsuranceQuoteRequestEvent 
58 1661121311855 1661121311938 InsuranceQuoteRequestEvent 
2 1661121312229 1661121312313 InsuranceQuoteRequestEvent 
37 1661121312575 1661121312662 InsuranceQuoteRequestEvent 
96 1661121312950 1661121313034 InsuranceQuoteRequestEvent 
22 1661121313189 1661121313273 InsuranceQuoteRequestEvent 
3 1661121313576 1661121313660 InsuranceQuoteRequestEvent 
30 1661121313801 1661121313885 InsuranceQuoteRequestEvent 
85 1661121314203 1661121314287 InsuranceQuoteRequestEvent 
21 1661121314412 1661121314495 InsuranceQuoteRequestEvent 
3 1661121314825 1661121314908 InsuranceQuoteRequestEvent 
98 1661121315107 1661121315190 InsuranceQuoteRequestEvent 
70 1661121315363 1661121315447 InsuranceQuoteRequestEvent 
17 1661121315744 1661121315827 InsuranceQuoteRequestEvent 
99 1661121316083 1661121316166 InsuranceQuoteRequestEvent 
50 1661121316292 1661121316375 InsuranceQuoteRequestEvent 
19 1661121316668 1661121316751 InsuranceQuoteRequestEvent 
91 1661121317023 1661121317106 InsuranceQuoteRequestEvent 
35 1661121317279 1661121317363 InsuranceQuoteRequestEvent 
94 1661121317650 1661121317732 InsuranceQuoteRequestEvent 
81 1661121317894 1661121317974 InsuranceQuoteRequestEvent 
36 1661121318244 1661121318329 InsuranceQuoteRequestEvent 
68 1661121318412 1661121318496 InsuranceQuoteRequestEvent 
38 1661121318610 1661121318694 InsuranceQuoteRequestEvent 
63 1661121319007 1661121319091 InsuranceQuoteRequestEvent 
90 1661121319226 1661121319309 InsuranceQuoteRequestEvent 
41 1661121319634 1661121319717 InsuranceQuoteRequestEvent 
88 1661121319897 1661121319981 InsuranceQuoteRequestEvent 
93 1661121320061 1661121320145 InsuranceQuoteRequestEvent 
76 1661121320228 1661121320311 InsuranceQuoteRequestEvent 
77 1661121320556 1661121320640 InsuranceQuoteRequestEvent 
44 1661121320868 1661121320952 InsuranceQuoteRequestEvent 
53 1661121321171 1661121321254 InsuranceQuoteRequestEvent 
42 1661121321479 1661121321564 InsuranceQuoteRequestEvent 
35 1661121321932 1661121322017 InsuranceQuoteRequestEvent 
15 1661121322198 1661121322285 InsuranceQuoteRequestEvent 
87 1661121322609 1661121322693 InsuranceQuoteRequestEvent 
13 1661121322980 1661121323073 InsuranceQuoteRequestEvent 
39 1661121323222 1661121323306 InsuranceQuoteRequestEvent 
61 1661121323603 1661121323687 InsuranceQuoteRequestEvent 
62 1661121323833 1661121323916 InsuranceQuoteRequestEvent 
10 1661121324227 1661121324311 InsuranceQuoteRequestEvent 
46 1661121324550 1661121324633 InsuranceQuoteRequestEvent 
78 1661121324857 1661121324940 InsuranceQuoteRequestEvent 
73 1661121325267 1661121325351 InsuranceQuoteRequestEvent 
28 1661121325574 1661121325659 InsuranceQuoteRequestEvent 
47 1661121325885 1661121325968 InsuranceQuoteRequestEvent 
78 1661121326192 1661121326275 InsuranceQuoteRequestEvent 
89 1661121326601 1661121326685 InsuranceQuoteRequestEvent 
40 1661121326945 1661121327030 InsuranceQuoteRequestEvent 
43 1661121327213 1661121327296 InsuranceQuoteRequestEvent 
27 1661121327573 1661121327655 InsuranceQuoteRequestEvent 
43 1661121327830 1661121327913 InsuranceQuoteRequestEvent 
90 1661121328199 1661121328281 InsuranceQuoteRequestEvent 
65 1661121328546 1661121328628 InsuranceQuoteRequestEvent 
65 1661121328710 1661121328792 InsuranceQuoteRequestEvent 
84 1661121328953 1661121329037 InsuranceQuoteRequestEvent 
31 1661121329348 1661121329431 InsuranceQuoteRequestEvent 
48 1661121329568 1661121329651 InsuranceQuoteRequestEvent 
24 1661121329975 1661121330057 InsuranceQuoteRequestEvent 
67 1661121330187 1661121330270 InsuranceQuoteRequestEvent 
41 1661121330467 1661121330551 InsuranceQuoteRequestEvent 
4 1661121330723 1661121330805 InsuranceQuoteRequestEvent 
7 1661121330901 1661121330985 InsuranceQuoteRequestEvent 
57 1661121331206 1661121331289 InsuranceQuoteRequestEvent 
97 1661121331516 1661121331599 InsuranceQuoteRequestEvent 
75 1661121331854 1661121331938 InsuranceQuoteRequestEvent 
47 1661121332127 1661121332210 InsuranceQuoteRequestEvent 
64 1661121332539 1661121332622 InsuranceQuoteRequestEvent 
93 1661121332899 1661121332982 InsuranceQuoteRequestEvent 
16 1661121333155 1661121333238 InsuranceQuoteRequestEvent 
77 1661121333526 1661121333609 InsuranceQuoteRequestEvent 
9 1661121333766 1661121333849 InsuranceQuoteRequestEvent 
50 1661121334152 1661121334235 InsuranceQuoteRequestEvent 
32 1661121334361 1661121334444 InsuranceQuoteRequestEvent 
86 1661121334688 1661121334770 InsuranceQuoteRequestEvent 
44 1661121334854 1661121334937 InsuranceQuoteRequestEvent 
67 1661121335093 1661121335177 InsuranceQuoteRequestEvent 
21 1661121335302 1661121335386 InsuranceQuoteRequestEvent 
9 1661121335720 1661121335803 InsuranceQuoteRequestEvent 
66 1661121336022 1661121336105 InsuranceQuoteRequestEvent 
40 1661121336231 1661121336314 InsuranceQuoteRequestEvent 
60 1661121336534 1661121336616 InsuranceQuoteRequestEvent 
28 1661121336868 1661121336952 InsuranceQuoteRequestEvent 
75 1661121337145 1661121337225 InsuranceQuoteRequestEvent 
29 1661121337495 1661121337578 InsuranceQuoteRequestEvent 
82 1661121337762 1661121337844 InsuranceQuoteRequestEvent 
73 1661121338121 1661121338204 InsuranceQuoteRequestEvent 
86 1661121338481 1661121338564 InsuranceQuoteRequestEvent 
39 1661121338852 1661121338935 InsuranceQuoteRequestEvent 
23 1661121339091 1661121339173 InsuranceQuoteRequestEvent 
27 1661121339479 1661121339562 InsuranceQuoteRequestEvent 
84 1661121339708 1661121339788 InsuranceQuoteRequestEvent 
1 1661121339869 1661121339950 InsuranceQuoteRequestEvent 
15 1661121340106 1661121340191 InsuranceQuoteRequestEvent 
1 1661121340315 1661121340398 InsuranceQuoteRequestEvent 
25 1661121340523 1661121340607 InsuranceQuoteRequestEvent 
3 1661121340710 1661121340793 InsuranceQuoteRequestEvent 
76 1661121340873 1661121340956 InsuranceQuoteRequestEvent 
83 1661121341244 1661121341326 InsuranceQuoteRequestEvent 
92 1661121341551 1661121341632 InsuranceQuoteRequestEvent 
83 1661121341858 1661121341943 InsuranceQuoteRequestEvent 
100 1661121342195 1661121342279 InsuranceQuoteRequestEvent 
46 1661121342577 1661121342660 InsuranceQuoteRequestEvent 
38 1661121342926 1661121343009 InsuranceQuoteRequestEvent 
19 1661121343190 1661121343272 InsuranceQuoteRequestEvent 
30 1661121343553 1661121343636 InsuranceQuoteRequestEvent 
95 1661121343801 1661121343883 InsuranceQuoteRequestEvent 
43 1661121344179 1661121344262 InsuranceQuoteRequestEvent 
20 1661121344344 1661121344428 InsuranceQuoteRequestEvent 
45 1661121344510 1661121344594 InsuranceQuoteRequestEvent 
14 1661121344674 1661121344756 InsuranceQuoteRequestEvent 
71 1661121345015 1661121345098 InsuranceQuoteRequestEvent 
67 1661121345238 1661121345319 InsuranceQuoteRequestEvent 
56 1661121345438 1661121345519 InsuranceQuoteRequestEvent 
34 1661121345649 1661121345729 InsuranceQuoteRequestEvent 
84 1661121345829 1661121345912 InsuranceQuoteRequestEvent 
95 1661121346037 1661121346120 InsuranceQuoteRequestEvent 
57 1661121346243 1661121346326 InsuranceQuoteRequestEvent 
7 1661121346406 1661121346489 InsuranceQuoteRequestEvent 
4 1661121346569 1661121346656 InsuranceQuoteRequestEvent 
59 1661121346738 1661121346820 InsuranceQuoteRequestEvent 
92 1661121346901 1661121346983 InsuranceQuoteRequestEvent 
79 1661121347064 1661121347147 InsuranceQuoteRequestEvent 
98 1661121347228 1661121347310 InsuranceQuoteRequestEvent 
89 1661121347392 1661121347474 InsuranceQuoteRequestEvent 
63 1661121347555 1661121347638 InsuranceQuoteRequestEvent 
26 1661121347720 1661121347801 InsuranceQuoteRequestEvent 
11 1661121347882 1661121347964 InsuranceQuoteRequestEvent 
61 1661121348045 1661121348128 InsuranceQuoteRequestEvent 
24 1661121348208 1661121348291 InsuranceQuoteRequestEvent 
100 1661121348372 1661121348454 InsuranceQuoteRequestEvent 
97 1661121348536 1661121348619 InsuranceQuoteRequestEvent 
10 1661121348699 1661121348779 InsuranceQuoteRequestEvent 
6 1661121348860 1661121348943 InsuranceQuoteRequestEvent 
2 1661121349023 1661121349104 InsuranceQuoteRequestEvent 
96 1661121349185 1661121349267 InsuranceQuoteRequestEvent 
8 1661121349347 1661121349429 InsuranceQuoteRequestEvent 
64 1661121349515 1661121349597 InsuranceQuoteRequestEvent 
79 1661121349678 1661121349759 InsuranceQuoteRequestEvent 
79 1661121349840 1661121349922 InsuranceQuoteRequestEvent 
83 1661121350003 1661121350085 InsuranceQuoteRequestEvent 
52 1661121350166 1661121350247 InsuranceQuoteRequestEvent 
23 1661121350328 1661121350409 InsuranceQuoteRequestEvent 
5 1661121350491 1661121350573 InsuranceQuoteRequestEvent 
45 1661121350655 1661121350735 InsuranceQuoteRequestEvent 
38 1661121350817 1661121350899 InsuranceQuoteRequestEvent 
88 1661121350979 1661121351061 InsuranceQuoteRequestEvent 
77 1661121351183 1661121351267 InsuranceQuoteRequestEvent 
54 1661121351347 1661121351429 InsuranceQuoteRequestEvent 
63 1661121351509 1661121351591 InsuranceQuoteRequestEvent 
11 1661121351671 1661121351752 InsuranceQuoteRequestEvent 
52 1661121351833 1661121351915 InsuranceQuoteRequestEvent 
17 1661121351996 1661121352078 InsuranceQuoteRequestEvent 
88 1661121352158 1661121352240 InsuranceQuoteRequestEvent 
81 1661121352326 1661121352411 InsuranceQuoteRequestEvent 
71 1661121352610 1661121352692 InsuranceQuoteRequestEvent 
85 1661121352953 1661121353035 InsuranceQuoteRequestEvent 
65 1661121353222 1661121353304 InsuranceQuoteRequestEvent 
31 1661121353580 1661121353663 InsuranceQuoteRequestEvent 
40 1661121353839 1661121353922 InsuranceQuoteRequestEvent 
32 1661121354206 1661121354288 InsuranceQuoteRequestEvent 
20 1661121354819 1661121354901 InsuranceQuoteRequestEvent 
87 1661121355068 1661121355151 InsuranceQuoteRequestEvent 
52 1661121355299 1661121355382 InsuranceQuoteRequestEvent 
73 1661121355683 1661121355766 InsuranceQuoteRequestEvent 
95 1661121356087 1661121356167 InsuranceQuoteRequestEvent 
49 1661121356295 1661121356378 InsuranceQuoteRequestEvent 
34 1661121356605 1661121356688 InsuranceQuoteRequestEvent 
80 1661121356911 1661121356993 InsuranceQuoteRequestEvent 
99 1661121357218 1661121357300 InsuranceQuoteRequestEvent 
80 1661121357523 1661121357605 InsuranceQuoteRequestEvent 
81 1661121357862 1661121357944 InsuranceQuoteRequestEvent 
72 1661121358137 1661121358219 InsuranceQuoteRequestEvent 
91 1661121358551 1661121358633 InsuranceQuoteRequestEvent 
50 1661121358907 1661121358989 InsuranceQuoteRequestEvent 
47 1661121359161 1661121359242 InsuranceQuoteRequestEvent 
37 1661121359537 1661121359619 InsuranceQuoteRequestEvent 
66 1661121359746 1661121359827 InsuranceQuoteRequestEvent 
72 1661121360019 1661121360101 InsuranceQuoteRequestEvent 
60 1661121360394 1661121360476 InsuranceQuoteRequestEvent 
23 1661121360677 1661121360757 InsuranceQuoteRequestEvent 
86 1661121360902 1661121360985 InsuranceQuoteRequestEvent 
37 1661121361309 1661121361391 InsuranceQuoteRequestEvent 
29 1661121361518 1661121361599 InsuranceQuoteRequestEvent 
69 1661121361749 1661121361830 InsuranceQuoteRequestEvent 
71 1661121362131 1661121362212 InsuranceQuoteRequestEvent 
39 1661121362354 1661121362437 InsuranceQuoteRequestEvent 
57 1661121362643 1661121362725 InsuranceQuoteRequestEvent 
48 1661121362825 1661121362906 InsuranceQuoteRequestEvent 
70 1661121363055 1661121363137 InsuranceQuoteRequestEvent 
13 1661121363502 1661121363585 InsuranceQuoteRequestEvent 
53 1661121363769 1661121363851 InsuranceQuoteRequestEvent 
55 1661121364129 1661121364213 InsuranceQuoteRequestEvent 
1 1661121364338 1661121364420 InsuranceQuoteRequestEvent 
31 1661121364588 1661121364670 InsuranceQuoteRequestEvent 
35 1661121364965 1661121365046 InsuranceQuoteRequestEvent 
32 1661121365206 1661121365286 InsuranceQuoteRequestEvent 
68 1661121365591 1661121365672 InsuranceQuoteRequestEvent 
74 1661121365818 1661121365898 InsuranceQuoteRequestEvent 
46 1661121366218 1661121366302 InsuranceQuoteRequestEvent 
36 1661121366531 1661121366611 InsuranceQuoteRequestEvent 
51 1661121366740 1661121366821 InsuranceQuoteRequestEvent 
80 1661121367046 1661121367126 InsuranceQuoteRequestEvent 
30 1661121367356 1661121367446 InsuranceQuoteRequestEvent 
61 1661121367661 1661121367741 InsuranceQuoteRequestEvent 
29 1661121367970 1661121368051 InsuranceQuoteRequestEvent 
58 1661121368228 1661121368308 InsuranceQuoteRequestEvent 
12 1661121368585 1661121368666 InsuranceQuoteRequestEvent 
92 1661121368934 1661121369017 InsuranceQuoteRequestEvent 
92 1661121371200 1661121371281 InsuranceQuoteRequestEvent 